6ms
(6,16,),(0,0,) (8,14,),(0,0,) 0
(5,15,),(1,1,) (7,13,),(1,1,) 0
(3,5,),(1,0,) (2,8,),(1,0,) 2
(10,16,),(1,0,) (2,8,),(1,0,) 2
(10,16,),(1,0,) (11,13,),(0,1,) 2
(10,16,),(1,0,) (3,5,),(0,1,) 2
(11,13,),(0,1,) (3,5,),(0,1,) 0
(1,5,),(0,1,) (10,14,),(1,0,) 2
(8,16,),(0,1,) (1,9,),(0,1,) 2
(8,16,),(0,1,) (7,15,),(0,1,) 2
(1,9,),(0,1,) (7,15,),(0,1,) 0
(1,9,),(0,1,) (11,19,),(1,0,) 2
(1,9,),(0,1,) (9,17,),(1,0,) 2
(7,15,),(0,1,) (11,19,),(1,0,) 2
(7,15,),(0,1,) (9,17,),(1,0,) 2
(11,19,),(1,0,) (9,17,),(1,0,) 0
(10,18,),(1,0,) (1,17,),(0,1,) 2
(10,18,),(1,0,) (3,19,),(0,1,) 2
(1,17,),(0,1,) (3,19,),(0,1,) 0
(7,15,),(1,0,) (11,19,),(0,1,) 2
(1,17,),(1,0,) (3,19,),(1,0,) 0
(6,16,),(1,1,) (2,12,),(1,1,) 1
(3,5,),(1,0,) (11,13,),(1,0,) 1
(1,5,),(0,1,) (9,13,),(0,1,) 1
(1,5,),(1,0,) (9,13,),(1,0,) 1
(6,14,),(1,0,) (8,16,),(1,0,) 1
(8,16,),(0,1,) (6,14,),(0,1,) 1
(1,9,),(0,1,) (3,11,),(0,1,) 1
(1,9,),(0,1,) (5,13,),(0,1,) 1
(7,15,),(0,1,) (3,11,),(0,1,) 1
(7,15,),(0,1,) (5,13,),(0,1,) 1
(7,15,),(1,0,) (3,11,),(1,0,) 1
(7,15,),(1,0,) (1,9,),(1,0,) 1
(11,19,),(0,1,) (9,17,),(0,1,) 1
(6,16,),(0,0,) (2,12,),(0,0,) 2
(8,14,),(0,0,) (2,12,),(0,0,) 2
(6,16,),(1,1,) (8,14,),(1,1,) 2
(2,8,),(1,0,) (12,14,),(0,1,) 2
(11,13,),(0,1,) (13,19,),(1,0,) 2
(3,5,),(0,1,) (13,19,),(1,0,) 2
(1,5,),(0,1,) (13,17,),(1,0,) 2
(7,15,),(1,0,) (5,13,),(1,0,) 2
(1,17,),(1,0,) (5,13,),(1,0,) 2
(3,19,),(1,0,) (5,13,),(1,0,) 2
(5,16,),(0,0,) (5,6,),(0,1,) 2
(3,15,),(1,1,) (7,11,),(1,1,) 0
(7,9,),(1,1,) (1,15,),(1,1,) 0
(9,19,),(1,1,) (1,11,),(1,1,) 2
(9,19,),(1,1,) (3,9,),(1,1,) 2
(1,11,),(1,1,) (3,9,),(1,1,) 0
(3,10,),(1,1,) (7,14,),(1,1,) 2
(3,10,),(1,1,) (5,16,),(1,1,) 2
(8,9,),(1,1,) (9,14,),(1,0,) 2
(2,17,),(1,0,) (5,6,),(0,1,) 2
(16,17,),(1,0,) (0,16,),(1,1,) 2
(0,16,),(1,1,) (0,5,),(1,0,) 2
(0,16,),(1,1,) (0,2,),(1,1,) 2
(0,16,),(1,1,) (0,19,),(1,1,) 2
(0,4,),(1,1,) (0,5,),(1,0,) 2
(0,10,),(1,1,) (0,2,),(1,1,) 2
(0,10,),(1,1,) (0,13,),(1,1,) 2
(10,13,),(0,1,) (9,14,),(1,0,) 2
(11,14,),(1,0,) (0,19,),(1,1,) 2
(11,14,),(1,0,) (0,11,),(1,1,) 2
(0,19,),(1,1,) (0,11,),(1,1,) 2
(7,18,),(1,0,) (0,18,),(1,0,) 2
(0,13,),(1,1,) (12,13,),(0,1,) 2
(16,17,),(0,1,) (0,17,),(1,1,) 2
(16,17,),(0,1,) (0,9,),(1,1,) 2
(0,17,),(1,1,) (0,9,),(1,1,) 2
(17,19,),(0,1,) (1,3,),(0,1,) 0
(7,17,),(1,0,) (1,7,),(0,1,) 2
(7,17,),(1,0,) (9,15,),(0,1,) 2
(1,7,),(0,1,) (9,15,),(0,1,) 0
(2,16,),(1,0,) (6,12,),(1,0,) 2
(17,19,),(1,0,) (1,3,),(1,0,) 0
(17,19,),(1,0,) (9,11,),(1,0,) 0
(1,3,),(1,0,) (9,11,),(1,0,) 0
(7,19,),(1,0,) (11,15,),(0,1,) 2
(7,19,),(1,0,) (3,7,),(0,1,) 2
(11,15,),(0,1,) (3,7,),(0,1,) 0
(2,10,),(0,1,) (6,14,),(0,1,) 2
(2,10,),(0,1,) (3,11,),(0,1,) 2
(2,10,),(0,1,) (5,13,),(0,1,) 2
(6,14,),(0,1,) (3,11,),(0,1,) 2
(6,14,),(0,1,) (5,13,),(0,1,) 2
(3,11,),(0,1,) (5,13,),(0,1,) 0
(3,11,),(1,0,) (1,9,),(1,0,) 0
(1,11,),(0,0,) (3,9,),(0,0,) 1
(1,13,),(1,1,) (5,9,),(1,1,) 1
(3,13,),(1,1,) (5,11,),(1,1,) 1
(9,19,),(1,1,) (11,17,),(1,1,) 1
(2,17,),(1,0,) (1,2,),(0,1,) 1
(0,16,),(1,1,) (0,1,),(1,0,) 1
(2,19,),(1,0,) (2,3,),(1,0,) 1
(0,19,),(1,1,) (14,19,),(0,1,) 1
(0,19,),(1,1,) (0,6,),(1,0,) 1
(0,9,),(1,1,) (9,16,),(1,0,) 1
(0,9,),(1,1,) (0,8,),(1,0,) 1
(17,19,),(0,1,) (9,11,),(0,1,) 1
(1,3,),(0,1,) (9,11,),(0,1,) 1
(6,12,),(0,1,) (2,16,),(0,1,) 1
(9,15,),(1,0,) (1,7,),(1,0,) 1
(2,6,),(1,0,) (12,16,),(0,1,) 1
(3,11,),(1,0,) (5,13,),(1,0,) 1
(1,9,),(1,0,) (5,13,),(1,0,) 1
(8,9,),(0,0,) (8,17,),(0,0,) 2
(8,11,),(0,0,) (8,19,),(0,0,) 2
(3,15,),(1,1,) (15,19,),(1,1,) 2
(7,11,),(1,1,) (15,19,),(1,1,) 2
(1,13,),(1,1,) (13,17,),(1,1,) 2
(1,13,),(1,1,) (5,17,),(1,1,) 2
(3,13,),(1,1,) (13,19,),(1,1,) 2
(3,13,),(1,1,) (5,19,),(1,1,) 2
(7,9,),(1,1,) (15,17,),(1,1,) 2
(1,15,),(1,1,) (15,17,),(1,1,) 2
(3,10,),(1,1,) (2,3,),(1,1,) 2
(3,10,),(1,1,) (10,19,),(1,1,) 2
(7,14,),(1,1,) (6,7,),(1,1,) 2
(1,10,),(1,1,) (1,2,),(1,1,) 2
(1,10,),(1,1,) (10,17,),(1,1,) 2
(0,16,),(1,1,) (0,8,),(1,1,) 2
(0,16,),(1,1,) (9,16,),(0,1,) 2
(0,4,),(1,1,) (4,13,),(1,0,) 2
(7,8,),(1,0,) (7,16,),(1,0,) 2
(10,13,),(0,1,) (13,18,),(1,0,) 2
(5,6,),(1,0,) (5,14,),(1,0,) 2
(0,19,),(1,1,) (0,14,),(1,0,) 2
(0,11,),(1,1,) (0,3,),(1,1,) 2
(0,13,),(1,1,) (4,13,),(0,1,) 2
(0,9,),(1,1,) (1,8,),(1,0,) 2
(0,9,),(1,1,) (0,1,),(1,1,) 2
(6,12,),(0,1,) (16,18,),(1,0,) 2
(3,15,),(0,0,) (7,11,),(0,0,) 2
(5,11,),(0,0,) (3,13,),(0,0,) 0
(1,19,),(0,0,) (3,17,),(0,0,) 0
(9,19,),(0,0,) (11,17,),(0,0,) 0
(1,16,),(0,0,) (0,17,),(0,0,) 2
(1,16,),(0,0,) (0,16,),(0,0,) 2
(1,16,),(0,0,) (1,6,),(0,1,) 2
(1,8,),(0,0,) (0,17,),(0,0,) 2
(0,17,),(0,0,) (0,16,),(0,0,) 2
(0,19,),(0,0,) (6,19,),(0,0,) 2
(0,19,),(0,0,) (0,14,),(0,0,) 2
(6,19,),(0,0,) (6,11,),(0,0,) 2
(0,14,),(0,0,) (0,11,),(0,0,) 2
(3,10,),(0,0,) (18,19,),(0,0,) 2
(18,19,),(0,0,) (11,18,),(0,0,) 2
(1,10,),(0,0,) (17,18,),(0,0,) 2
(1,10,),(0,0,) (5,14,),(0,0,) 2
(3,16,),(0,0,) (3,6,),(0,1,) 2
(1,19,),(1,1,) (3,17,),(1,1,) 0
(6,11,),(1,1,) (11,16,),(1,0,) 2
(6,19,),(1,1,) (0,7,),(0,1,) 2
(6,19,),(1,1,) (0,5,),(0,1,) 2
(7,10,),(1,1,) (0,7,),(0,1,) 2
(0,18,),(0,1,) (0,7,),(0,1,) 2
(6,15,),(1,1,) (15,16,),(1,0,) 2
(14,15,),(1,1,) (8,15,),(0,1,) 2
(4,5,),(1,1,) (0,5,),(0,1,) 2
(6,13,),(1,1,) (13,16,),(1,0,) 2
(9,10,),(1,1,) (9,18,),(1,1,) 2
(13,18,),(1,1,) (5,10,),(1,1,) 2
(5,10,),(1,1,) (2,5,),(1,1,) 2
(2,5,),(1,1,) (6,17,),(1,1,) 2
(6,9,),(1,1,) (9,16,),(1,0,) 2
(5,18,),(0,1,) (12,15,),(0,1,) 2
(4,19,),(1,0,) (3,4,),(0,1,) 2
(4,19,),(1,0,) (4,11,),(1,0,) 2
(4,17,),(1,0,) (1,4,),(0,1,) 2
(0,12,),(1,1,) (12,13,),(1,0,) 2
(10,19,),(1,0,) (10,11,),(1,0,) 2
(7,18,),(0,1,) (0,7,),(1,0,) 2
(0,7,),(1,0,) (0,14,),(1,1,) 2
(3,6,),(0,1,) (0,3,),(1,0,) 2
(11,14,),(0,1,) (0,14,),(1,1,) 2
(1,6,),(1,0,) (1,14,),(1,0,) 2
(1,14,),(1,0,) (14,17,),(0,1,) 2
(6,7,),(0,1,) (0,6,),(1,0,) 2
(3,6,),(1,0,) (3,14,),(1,0,) 2
(3,6,),(1,0,) (0,6,),(1,0,) 2
(3,14,),(1,0,) (14,19,),(0,1,) 2
(3,14,),(1,0,) (0,6,),(1,0,) 2
(14,19,),(0,1,) (0,6,),(1,0,) 2
(2,7,),(0,1,) (0,15,),(1,1,) 2
(0,15,),(1,1,) (10,15,),(0,1,) 2
(15,18,),(1,0,) (10,15,),(0,1,) 2
(5,8,),(1,0,) (0,8,),(1,0,) 2
(9,16,),(1,0,) (0,8,),(1,0,) 2
(13,15,),(0,1,) (5,7,),(0,1,) 0
(7,19,),(0,1,) (11,15,),(1,0,) 2
(11,15,),(1,0,) (3,7,),(1,0,) 2
(3,7,),(1,0,) (10,14,),(0,1,) 2
(12,16,),(1,0,) (2,6,),(0,1,) 2
(2,6,),(0,1,) (10,14,),(0,1,) 2
(12,16,),(0,1,) (6,18,),(0,1,) 2
(2,14,),(1,0,) (8,12,),(1,0,) 2
(1,13,),(0,0,) (5,9,),(0,0,) 1
(1,15,),(0,0,) (7,9,),(0,0,) 1
(1,8,),(0,0,) (0,8,),(0,0,) 1
(6,19,),(1,1,) (0,3,),(0,1,) 1
(6,19,),(1,1,) (0,6,),(0,1,) 1
(0,7,),(0,1,) (2,7,),(1,1,) 1
(1,16,),(1,1,) (0,1,),(0,1,) 1
(10,17,),(1,0,) (1,18,),(0,1,) 1
(0,1,),(1,0,) (0,8,),(1,1,) 1
(10,19,),(1,0,) (3,18,),(0,1,) 1
(0,7,),(1,0,) (0,15,),(1,0,) 1
(0,14,),(1,1,) (0,6,),(1,1,) 1
(0,14,),(1,1,) (14,19,),(1,0,) 1
(0,6,),(1,0,) (0,14,),(1,0,) 1
(2,7,),(0,1,) (0,7,),(1,1,) 1
(0,15,),(1,1,) (0,7,),(1,1,) 1
(0,8,),(1,0,) (1,8,),(1,0,) 1
(0,8,),(1,0,) (0,1,),(1,1,) 1
(6,8,),(1,0,) (14,16,),(1,0,) 1
(14,16,),(0,1,) (6,8,),(0,1,) 1
(7,11,),(0,0,) (15,19,),(0,0,) 2
(1,8,),(0,0,) (0,1,),(0,0,) 2
(0,17,),(0,0,) (0,1,),(0,0,) 2
(0,19,),(0,0,) (0,3,),(0,0,) 2
(6,11,),(0,0,) (11,14,),(0,0,) 2
(18,19,),(0,0,) (10,19,),(0,0,) 2
(17,18,),(0,0,) (10,17,),(0,0,) 2
(6,19,),(1,1,) (3,6,),(1,1,) 2
(0,7,),(0,1,) (0,2,),(0,1,) 2
(18,19,),(1,1,) (2,19,),(1,1,) 2
(4,13,),(1,1,) (0,4,),(0,1,) 2
(4,13,),(1,1,) (0,13,),(0,1,) 2
(7,16,),(1,1,) (7,8,),(1,1,) 2
(17,18,),(1,1,) (2,17,),(1,1,) 2
(13,18,),(1,1,) (10,13,),(1,1,) 2
(6,17,),(1,1,) (1,6,),(1,1,) 2
(1,6,),(0,1,) (6,17,),(1,0,) 2
(10,17,),(1,0,) (1,10,),(0,1,) 2
(10,17,),(1,0,) (17,18,),(0,1,) 2
(0,1,),(1,0,) (1,8,),(0,1,) 2
(0,1,),(1,0,) (0,9,),(1,0,) 2
(10,19,),(1,0,) (3,10,),(0,1,) 2
(10,19,),(1,0,) (18,19,),(1,0,) 2
(3,6,),(0,1,) (6,19,),(1,0,) 2
(0,3,),(1,0,) (0,11,),(1,0,) 2
(11,14,),(0,1,) (6,11,),(1,0,) 2
(0,14,),(1,1,) (6,19,),(1,0,) 2
(0,14,),(1,1,) (0,19,),(1,0,) 2
(8,19,),(0,1,) (8,11,),(0,1,) 2
(2,17,),(0,1,) (17,18,),(1,0,) 2
(2,19,),(0,1,) (11,18,),(1,0,) 2
(2,19,),(0,1,) (18,19,),(0,1,) 2
(2,19,),(0,1,) (2,11,),(0,1,) 2
(6,7,),(0,1,) (7,14,),(1,0,) 2
(2,7,),(0,1,) (0,2,),(1,0,) 2
(8,17,),(0,1,) (8,9,),(0,1,) 2
(0,8,),(1,0,) (0,16,),(1,0,) 2
(0,8,),(1,0,) (1,16,),(1,0,) 2
(9,11,),(0,1,) (1,19,),(0,1,) 2
(15,17,),(1,0,) (1,15,),(0,1,) 2
(13,19,),(1,0,) (3,13,),(0,1,) 2
(13,17,),(1,0,) (1,13,),(0,1,) 2
(15,19,),(1,0,) (3,15,),(0,1,) 2
(0,8,),(0,0,) (5,8,),(0,0,) 2
(0,12,),(0,0,) (5,12,),(0,0,) 2
(0,12,),(0,0,) (0,13,),(0,0,) 2
(0,4,),(0,0,) (4,5,),(0,0,) 2
(14,19,),(0,0,) (3,14,),(0,0,) 2
(6,13,),(0,0,) (13,14,),(0,0,) 2
(14,17,),(0,0,) (1,14,),(0,0,) 2
(7,16,),(0,0,) (6,7,),(1,0,) 2
(6,10,),(1,1,) (2,14,),(1,1,) 2
(0,3,),(0,1,) (0,6,),(0,1,) 2
(0,3,),(0,1,) (2,3,),(1,1,) 2
(10,15,),(1,1,) (15,18,),(1,1,) 2
(10,15,),(1,1,) (0,15,),(0,1,) 2
(10,11,),(1,1,) (10,19,),(1,1,) 2
(10,11,),(1,1,) (13,16,),(1,1,) 2
(9,16,),(1,1,) (6,9,),(0,1,) 2
(0,1,),(0,1,) (1,8,),(1,1,) 2
(0,1,),(0,1,) (1,2,),(1,1,) 2
(13,16,),(1,1,) (6,13,),(0,1,) 2
(1,4,),(1,1,) (4,17,),(1,1,) 2
(4,11,),(1,1,) (4,19,),(1,1,) 2
(3,4,),(1,1,) (4,19,),(1,1,) 2
(8,15,),(1,1,) (14,15,),(0,1,) 2
(15,16,),(1,1,) (6,15,),(0,1,) 2
(1,14,),(0,1,) (5,10,),(0,1,) 2
(8,17,),(1,0,) (0,8,),(1,1,) 2
(7,10,),(0,1,) (3,14,),(0,1,) 2
(15,18,),(0,1,) (0,15,),(1,0,) 2
(0,6,),(1,1,) (14,19,),(1,0,) 2
(9,18,),(1,0,) (9,10,),(1,0,) 2
(1,2,),(1,0,) (0,1,),(1,1,) 2
(2,3,),(0,1,) (0,3,),(1,1,) 2
(0,14,),(1,0,) (0,7,),(1,1,) 2
(0,7,),(1,1,) (7,10,),(1,0,) 2
(5,12,),(1,0,) (0,12,),(1,0,) 2
(1,8,),(1,0,) (0,1,),(1,1,) 2
(2,3,),(1,1,) (2,19,),(1,1,) 1
(9,16,),(1,1,) (0,9,),(0,1,) 1
(1,2,),(1,1,) (2,17,),(1,1,) 1
(0,8,),(1,1,) (0,9,),(1,0,) 1
(0,6,),(1,1,) (6,19,),(1,0,) 1
(0,6,),(1,1,) (0,19,),(1,0,) 1
(0,1,),(1,1,) (0,16,),(1,0,) 1
(0,1,),(1,1,) (1,16,),(1,0,) 1
(0,2,),(0,0,) (0,7,),(0,0,) 2
(0,2,),(0,0,) (2,7,),(0,0,) 2
(2,11,),(0,0,) (2,19,),(0,0,) 2
(13,19,),(1,1,) (11,13,),(1,1,) 2
(0,3,),(0,1,) (0,19,),(0,1,) 2
(9,16,),(1,1,) (0,16,),(0,1,) 2
(0,1,),(0,1,) (0,17,),(0,1,) 2
(5,14,),(1,1,) (5,6,),(1,1,) 2
(1,2,),(1,0,) (1,10,),(1,0,) 2
(2,3,),(0,1,) (3,10,),(1,0,) 2
(0,15,),(0,0,) (15,18,),(0,0,) 2
(0,6,),(0,0,) (0,3,),(0,0,) 2
(0,6,),(0,0,) (3,6,),(0,0,) 2
(0,6,),(0,0,) (6,7,),(0,0,) 2
(0,3,),(0,0,) (3,6,),(0,0,) 2
(3,6,),(0,0,) (3,16,),(0,1,) 2
(6,7,),(0,0,) (7,16,),(0,1,) 2
(1,6,),(0,0,) (1,16,),(0,1,) 2
(3,7,),(1,1,) (7,19,),(1,1,) 2
(1,7,),(1,1,) (7,17,),(1,1,) 2
(3,14,),(1,1,) (3,6,),(1,1,) 2
(12,13,),(1,1,) (0,13,),(0,1,) 2
(12,13,),(1,1,) (0,12,),(0,1,) 2
(0,13,),(0,1,) (0,12,),(0,1,) 2
(0,8,),(0,1,) (8,17,),(1,1,) 2
(11,16,),(1,1,) (6,11,),(0,1,) 2
(9,14,),(1,1,) (8,9,),(0,1,) 2
(1,14,),(1,1,) (1,6,),(1,1,) 2
(13,14,),(0,1,) (6,13,),(1,0,) 2
(0,9,),(1,0,) (0,17,),(1,0,) 2
(0,13,),(1,0,) (0,10,),(1,0,) 2
(6,19,),(1,0,) (0,19,),(1,0,) 2
(0,11,),(1,0,) (0,19,),(1,0,) 2
(0,19,),(1,0,) (0,16,),(1,0,) 2
(3,16,),(1,0,) (5,10,),(1,0,) 2
(2,5,),(0,1,) (5,10,),(1,0,) 2
(11,18,),(1,0,) (18,19,),(0,1,) 2
(6,11,),(0,1,) (6,19,),(0,1,) 2
(0,2,),(1,0,) (0,10,),(1,0,) 2
(0,2,),(1,0,) (0,16,),(1,0,) 2
(0,5,),(1,1,) (4,5,),(0,1,) 2
(0,5,),(1,1,) (0,4,),(1,0,) 2
(0,5,),(1,1,) (0,16,),(1,0,) 2
(4,5,),(0,1,) (0,4,),(1,0,) 2
(0,16,),(1,0,) (1,16,),(1,0,) 2
(3,9,),(0,1,) (9,19,),(1,0,) 2
(14,19,),(1,1,) (0,14,),(0,1,) 1
(14,19,),(1,1,) (0,19,),(0,1,) 1
(0,7,),(0,0,) (0,18,),(0,0,) 2
(0,7,),(0,0,) (7,18,),(0,0,) 2
(0,18,),(0,0,) (7,18,),(0,0,) 2
(5,6,),(0,0,) (5,16,),(0,1,) 2
(9,17,),(1,1,) (1,9,),(1,1,) 2
(0,11,),(0,1,) (0,14,),(0,1,) 2
(0,11,),(0,1,) (11,14,),(1,1,) 2
(0,14,),(0,1,) (11,14,),(1,1,) 2
(0,14,),(0,1,) (0,19,),(0,1,) 2
(0,16,),(0,1,) (0,17,),(0,1,) 2
(0,16,),(0,1,) (16,17,),(1,1,) 2
(0,17,),(0,1,) (16,17,),(1,1,) 2
