(8,11,),(1,1,) (8,14,),(1,0,) 1
(8,11,),(1,1,) (8,17,),(1,0,) 1
(4,8,),(0,1,) (8,17,),(1,0,) 1
(8,26,),(1,1,) (6,29,),(0,0,) 1
(8,26,),(1,1,) (5,8,),(0,1,) 1
(7,8,),(1,1,) (5,8,),(0,1,) 1
(7,8,),(1,1,) (6,7,),(0,1,) 1
(7,8,),(1,1,) (6,19,),(0,1,) 1
(6,8,),(1,1,) (8,15,),(1,1,) 0
(10,13,),(1,1,) (13,23,),(1,1,) 1
(4,6,),(0,0,) (4,12,),(0,0,) 1
(0,8,),(1,1,) (8,29,),(1,1,) 1
(0,8,),(1,1,) (13,27,),(1,1,) 1
(2,8,),(0,1,) (8,25,),(1,1,) 1
(2,8,),(0,1,) (17,29,),(1,0,) 1
(6,8,),(1,1,) (8,27,),(1,0,) 1
(6,8,),(1,1,) (8,21,),(1,1,) 1
(8,15,),(1,1,) (8,27,),(1,0,) 1
(8,15,),(1,1,) (8,21,),(1,1,) 1
(6,29,),(0,0,) (0,15,),(0,0,) 1
(6,29,),(0,0,) (1,8,),(1,1,) 1
(6,29,),(0,0,) (8,23,),(1,1,) 1
(6,29,),(0,0,) (0,23,),(0,1,) 1
(8,20,),(1,0,) (1,8,),(1,1,) 1
(8,20,),(1,0,) (8,12,),(1,1,) 1
(8,20,),(1,0,) (20,29,),(0,0,) 1
(0,7,),(0,1,) (17,26,),(1,1,) 1
(6,15,),(0,1,) (6,8,),(0,0,) 1
(7,12,),(1,0,) (26,29,),(1,0,) 1
(7,12,),(1,0,) (7,29,),(1,0,) 1
(7,12,),(1,0,) (12,26,),(0,1,) 1
(8,10,),(1,0,) (8,23,),(1,0,) 1
(8,10,),(1,0,) (1,8,),(0,1,) 1
(6,22,),(0,0,) (8,21,),(1,0,) 1
(8,28,),(1,1,) (8,25,),(1,0,) 1
(8,29,),(1,1,) (1,8,),(0,1,) 1
(8,29,),(1,1,) (8,13,),(1,1,) 1
(8,29,),(1,1,) (8,25,),(1,0,) 1
(4,13,),(0,1,) (4,14,),(0,0,) 1
(8,25,),(1,1,) (8,29,),(1,0,) 1
(8,25,),(1,1,) (8,28,),(1,0,) 1
(8,21,),(1,1,) (8,18,),(1,0,) 1
(3,8,),(1,1,) (1,8,),(0,1,) 1
(3,8,),(1,1,) (3,17,),(1,1,) 1
(8,13,),(1,0,) (8,29,),(1,0,) 1
(2,6,),(0,0,) (1,6,),(1,0,) 1
(13,14,),(1,1,) (8,13,),(1,1,) 1
(9,16,),(1,1,) (9,27,),(1,0,) 1
(1,8,),(1,1,) (3,8,),(0,1,) 1
(1,8,),(1,1,) (8,29,),(1,0,) 1
(1,8,),(1,1,) (8,10,),(1,1,) 1
(8,23,),(1,1,) (8,10,),(1,1,) 1
(0,23,),(0,1,) (0,6,),(0,0,) 1
(8,18,),(1,1,) (8,21,),(1,0,) 1
(8,18,),(1,1,) (15,17,),(0,1,) 1
(17,23,),(1,1,) (10,21,),(1,0,) 1
(8,9,),(1,1,) (6,9,),(0,1,) 1
(17,26,),(1,1,) (0,26,),(0,1,) 1
(9,14,),(1,0,) (0,9,),(0,1,) 1
(9,14,),(1,0,) (0,26,),(0,1,) 1
(0,4,),(0,0,) (4,25,),(0,1,) 1
(16,22,),(1,1,) (16,23,),(1,1,) 1
(9,22,),(1,1,) (9,10,),(1,1,) 1
(9,19,),(1,1,) (9,23,),(1,0,) 1
(9,19,),(1,1,) (9,20,),(1,1,) 1
(4,29,),(0,0,) (2,29,),(1,0,) 1
(9,13,),(1,0,) (9,17,),(1,0,) 0
(20,28,),(0,1,) (26,28,),(1,1,) 0
(21,27,),(1,1,) (20,27,),(0,1,) 1
(3,9,),(1,1,) (0,9,),(1,1,) 1
(2,7,),(1,1,) (7,25,),(1,0,) 1
(15,25,),(0,1,) (2,15,),(0,0,) 1
(13,17,),(0,1,) (9,17,),(0,1,) 1
(6,28,),(0,0,) (6,14,),(0,1,) 1
(8,12,),(1,0,) (8,20,),(1,1,) 1
(1,8,),(0,1,) (8,20,),(1,1,) 1
(1,14,),(0,0,) (5,14,),(1,0,) 1
(6,14,),(0,0,) (14,28,),(0,1,) 1
(6,14,),(0,0,) (6,28,),(0,1,) 1
(8,21,),(1,0,) (6,8,),(0,1,) 1
(8,21,),(1,0,) (8,15,),(1,0,) 1
(8,21,),(1,0,) (6,21,),(0,0,) 1
(7,16,),(0,1,) (16,26,),(1,0,) 1
(8,25,),(1,0,) (2,8,),(1,1,) 1
(8,27,),(1,1,) (6,27,),(0,1,) 1
(8,27,),(1,1,) (15,27,),(0,1,) 1
(8,27,),(1,1,) (6,8,),(0,1,) 1
(8,27,),(1,1,) (8,15,),(1,0,) 1
(14,17,),(0,1,) (14,25,),(0,1,) 1
(0,2,),(0,0,) (2,17,),(0,1,) 1
(8,29,),(1,0,) (0,8,),(0,1,) 1
(8,29,),(1,0,) (0,29,),(0,0,) 1
(0,9,),(0,1,) (3,9,),(0,1,) 1
(9,10,),(1,1,) (9,23,),(1,1,) 1
(10,16,),(1,1,) (14,16,),(1,1,) 1
(9,23,),(1,0,) (9,10,),(1,0,) 1
(7,27,),(1,0,) (7,11,),(1,1,) 0
(7,27,),(1,1,) (7,11,),(1,0,) 0
(6,8,),(0,1,) (8,15,),(1,0,) 0
(9,13,),(1,1,) (9,17,),(1,1,) 0
(2,26,),(0,0,) (2,7,),(0,0,) 1
(5,20,),(1,0,) (1,5,),(1,1,) 1
(9,20,),(1,0,) (9,19,),(1,0,) 1
(9,23,),(1,1,) (9,19,),(1,0,) 1
(9,10,),(1,0,) (9,22,),(1,0,) 1
(6,9,),(1,1,) (8,9,),(0,1,) 1
(9,27,),(1,1,) (9,16,),(1,0,) 1
(0,9,),(1,1,) (9,14,),(1,1,) 1
(14,15,),(0,0,) (15,18,),(0,0,) 1
(13,17,),(1,0,) (9,13,),(0,1,) 1
(7,27,),(1,0,) (26,27,),(1,0,) 1
(7,11,),(1,1,) (26,27,),(1,0,) 1
(7,24,),(1,0,) (24,26,),(0,1,) 1
(10,15,),(0,0,) (15,23,),(0,0,) 1
(24,28,),(1,1,) (5,24,),(0,1,) 1
(1,6,),(0,0,) (2,6,),(1,0,) 1
(14,16,),(0,1,) (10,16,),(0,1,) 1
(12,29,),(0,0,) (12,13,),(0,0,) 1
(16,26,),(1,1,) (7,16,),(1,1,) 1
(5,8,),(1,1,) (7,8,),(0,1,) 1
(5,8,),(1,1,) (8,26,),(1,0,) 1
(6,8,),(0,1,) (6,15,),(0,0,) 1
(8,15,),(1,0,) (6,15,),(0,0,) 1
(12,13,),(0,1,) (12,29,),(0,1,) 1
(8,17,),(1,1,) (4,8,),(1,1,) 1
(8,17,),(1,1,) (8,11,),(1,0,) 1
(8,14,),(1,1,) (8,11,),(1,0,) 1
(9,13,),(1,1,) (13,17,),(1,1,) 1
(9,17,),(1,1,) (13,17,),(1,1,) 1
(7,25,),(1,1,) (2,7,),(0,1,) 1
(7,25,),(1,1,) (25,26,),(1,1,) 1
(5,24,),(1,1,) (24,28,),(1,0,) 1
(19,27,),(1,1,) (19,21,),(1,0,) 1
(2,23,),(0,1,) (2,14,),(0,1,) 0
(2,14,),(0,0,) (2,23,),(0,0,) 0
(4,25,),(0,0,) (0,4,),(1,0,) 1
(4,14,),(0,1,) (4,13,),(0,0,) 1
(5,14,),(0,0,) (1,14,),(1,0,) 1
(6,15,),(1,0,) (8,15,),(0,0,) 1
(11,13,),(1,1,) (11,14,),(1,0,) 1
(14,25,),(0,0,) (14,17,),(0,0,) 1
(14,28,),(0,0,) (6,14,),(1,0,) 1
(15,23,),(0,1,) (10,15,),(1,0,) 1
(7,29,),(1,1,) (7,12,),(1,1,) 1
(25,26,),(1,0,) (7,25,),(0,1,) 1
(0,29,),(1,0,) (8,29,),(0,0,) 1
(11,14,),(1,1,) (11,13,),(1,0,) 1
(16,23,),(1,0,) (16,22,),(1,0,) 1
(2,7,),(0,1,) (2,26,),(0,1,) 1
(15,18,),(0,1,) (14,15,),(1,0,) 1
(2,17,),(0,0,) (0,2,),(1,0,) 1
(20,29,),(0,1,) (8,20,),(0,0,) 1
(15,27,),(1,1,) (8,27,),(0,1,) 1
(6,27,),(1,1,) (8,27,),(0,1,) 1
(4,12,),(0,1,) (4,6,),(0,1,) 1
(8,13,),(0,1,) (13,14,),(1,0,) 1
(2,15,),(1,0,) (15,25,),(0,0,) 1
(19,21,),(1,1,) (19,27,),(1,0,) 1
(2,29,),(0,0,) (4,29,),(1,0,) 1
(20,27,),(1,1,) (21,27,),(0,1,) 1
(12,26,),(0,0,) (7,12,),(0,0,) 1
(0,6,),(0,1,) (0,23,),(0,0,) 1
(26,28,),(0,1,) (20,28,),(1,1,) 0
(6,7,),(1,1,) (7,8,),(1,0,) 1
(0,26,),(1,1,) (17,26,),(0,1,) 1
(13,23,),(1,0,) (10,13,),(0,1,) 1
(6,21,),(1,0,) (8,21,),(0,0,) 1
(1,5,),(0,1,) (5,20,),(1,1,) 1
(3,17,),(1,0,) (3,8,),(1,0,) 1
(26,27,),(0,0,) (7,27,),(0,0,) 1
(24,26,),(0,0,) (7,24,),(0,0,) 1
