(11,29,),(1,1,) (11,24,),(1,1,) 2
(14,21,),(0,0,) (9,26,),(1,1,) 2
(0,11,),(1,1,) (10,11,),(0,1,) 2
(10,11,),(0,1,) (11,16,),(1,0,) 1
(11,22,),(1,1,) (11,25,),(1,1,) 2
(11,22,),(1,1,) (11,28,),(1,1,) 2
(11,29,),(1,1,) (11,25,),(1,1,) 2
(11,24,),(1,1,) (11,15,),(1,0,) 2
(14,17,),(0,0,) (26,29,),(1,1,) 2
(14,17,),(0,0,) (17,26,),(0,1,) 2
(14,17,),(0,0,) (17,24,),(0,1,) 2
(17,22,),(0,1,) (17,24,),(0,1,) 2
(11,14,),(1,0,) (11,15,),(1,0,) 2
(11,14,),(1,0,) (6,11,),(0,1,) 2
(11,27,),(1,1,) (26,27,),(1,1,) 2
(11,27,),(1,1,) (11,26,),(1,1,) 2
(11,19,),(1,0,) (7,11,),(0,1,) 2
(5,19,),(0,0,) (18,25,),(1,1,) 2
(1,26,),(1,1,) (5,14,),(0,0,) 2
(1,11,),(1,1,) (3,11,),(0,1,) 2
(3,11,),(0,1,) (11,12,),(1,0,) 2
(9,11,),(1,1,) (11,23,),(1,1,) 2
(2,11,),(0,1,) (11,26,),(1,0,) 2
(1,26,),(1,1,) (5,26,),(0,1,) 2
(5,14,),(0,0,) (5,15,),(0,0,) 2
(5,14,),(0,0,) (14,28,),(0,1,) 2
(5,14,),(0,0,) (5,26,),(0,1,) 2
(5,14,),(0,0,) (26,28,),(1,1,) 2
(8,11,),(1,1,) (11,20,),(1,1,) 2
(8,11,),(1,1,) (4,11,),(1,1,) 2
(3,11,),(0,1,) (4,11,),(1,1,) 2
(11,12,),(1,0,) (7,11,),(1,1,) 2
(11,16,),(1,0,) (11,21,),(1,0,) 2
(11,16,),(1,0,) (11,15,),(1,1,) 2
(11,15,),(1,0,) (6,11,),(0,1,) 2
(6,11,),(0,1,) (11,18,),(1,0,) 2
(4,11,),(0,1,) (11,20,),(1,0,) 2
(17,26,),(0,1,) (2,26,),(0,1,) 2
(2,26,),(0,1,) (19,26,),(0,1,) 2
(8,17,),(0,0,) (2,17,),(1,0,) 2
(26,27,),(1,1,) (7,26,),(1,1,) 1
(26,29,),(1,1,) (6,26,),(1,1,) 1
(11,15,),(1,0,) (11,16,),(1,1,) 2
(4,11,),(0,1,) (3,11,),(1,1,) 2
(4,11,),(0,1,) (8,11,),(0,1,) 2
(11,20,),(1,0,) (8,11,),(0,1,) 2
(17,27,),(0,1,) (27,29,),(1,1,) 2
(17,27,),(0,1,) (17,29,),(0,1,) 2
(5,11,),(0,1,) (5,24,),(0,0,) 2
(11,26,),(1,1,) (2,11,),(1,1,) 2
(7,11,),(0,1,) (11,12,),(1,1,) 2
(11,23,),(1,0,) (9,11,),(0,1,) 2
(11,21,),(1,1,) (11,16,),(1,1,) 2
(15,26,),(1,1,) (0,26,),(0,1,) 2
(16,26,),(0,1,) (21,26,),(0,1,) 2
(16,26,),(0,1,) (20,26,),(1,1,) 2
(20,26,),(0,1,) (21,26,),(1,1,) 2
(21,26,),(1,1,) (4,26,),(0,1,) 2
(4,26,),(0,1,) (6,26,),(1,1,) 2
(5,17,),(0,0,) (17,19,),(0,1,) 2
(12,17,),(1,0,) (17,23,),(0,1,) 2
(17,23,),(0,1,) (7,17,),(0,0,) 2
(11,20,),(1,1,) (4,11,),(1,1,) 2
(11,18,),(1,1,) (6,11,),(1,1,) 2
(6,11,),(1,1,) (11,15,),(1,1,) 2
(15,17,),(1,0,) (17,29,),(0,0,) 2
(3,26,),(1,1,) (8,26,),(0,1,) 2
(16,21,),(1,0,) (21,25,),(0,1,) 1
(23,27,),(1,1,) (14,27,),(0,1,) 1
(13,22,),(1,1,) (22,29,),(1,1,) 2
(7,11,),(1,1,) (11,19,),(1,1,) 2
(11,26,),(1,0,) (11,27,),(1,0,) 2
(5,29,),(0,1,) (5,13,),(0,1,) 2
(20,26,),(0,1,) (16,26,),(1,1,) 2
(21,26,),(1,1,) (16,26,),(1,1,) 2
(0,26,),(1,1,) (15,26,),(0,1,) 2
(10,14,),(0,0,) (1,14,),(1,0,) 2
(5,13,),(0,0,) (5,29,),(0,0,) 2
(9,25,),(0,1,) (7,25,),(0,1,) 2
(6,11,),(1,1,) (11,14,),(1,1,) 2
(11,15,),(1,1,) (11,14,),(1,1,) 2
(11,15,),(1,1,) (11,24,),(1,0,) 2
(11,28,),(1,0,) (11,22,),(1,0,) 2
(17,29,),(0,0,) (17,27,),(0,0,) 2
(11,25,),(1,0,) (11,29,),(1,0,) 2
(11,25,),(1,0,) (11,22,),(1,0,) 2
(21,24,),(0,1,) (21,29,),(0,1,) 2
(11,12,),(1,1,) (3,11,),(1,1,) 2
(3,11,),(1,1,) (1,11,),(0,1,) 2
(5,7,),(0,1,) (2,5,),(0,0,) 2
(8,26,),(1,1,) (3,26,),(0,1,) 2
(20,27,),(0,1,) (9,27,),(0,1,) 2
(27,29,),(1,1,) (0,29,),(1,1,) 2
(7,17,),(1,0,) (17,23,),(0,0,) 2
(17,29,),(0,1,) (15,17,),(0,0,) 2
(17,23,),(0,0,) (12,17,),(0,0,) 2
(8,16,),(0,0,) (6,16,),(1,0,) 2
(17,19,),(0,0,) (5,17,),(1,0,) 2
(2,5,),(1,0,) (5,7,),(0,0,) 2
(6,26,),(0,1,) (4,26,),(1,1,) 2
(4,26,),(1,1,) (21,26,),(0,1,) 2
(21,26,),(0,1,) (20,26,),(1,1,) 2
(10,12,),(0,1,) (10,21,),(0,0,) 2
(11,16,),(1,1,) (10,11,),(1,1,) 1
(6,26,),(0,1,) (26,29,),(1,0,) 1
(7,26,),(0,1,) (26,27,),(1,0,) 1
(21,29,),(0,1,) (9,21,),(1,0,) 2
(5,24,),(0,1,) (5,11,),(0,0,) 2
(5,26,),(1,1,) (1,26,),(0,1,) 2
(9,21,),(0,0,) (21,29,),(0,0,) 2
(4,12,),(0,1,) (4,6,),(0,1,) 2
(10,11,),(1,1,) (0,11,),(0,1,) 2
(2,17,),(0,0,) (8,17,),(1,0,) 2
(19,26,),(1,1,) (2,26,),(1,1,) 2
(11,24,),(1,0,) (11,29,),(1,0,) 2
(2,26,),(1,1,) (17,26,),(1,1,) 2
(9,27,),(1,1,) (20,27,),(1,1,) 2
(1,20,),(1,1,) (1,25,),(1,1,) 1
(14,27,),(1,1,) (23,27,),(0,1,) 1
(5,26,),(0,0,) (5,14,),(0,1,) 2
(1,14,),(0,0,) (10,14,),(1,0,) 2
(22,29,),(1,0,) (13,22,),(0,1,) 2
(1,20,),(1,1,) (20,25,),(1,1,) 2
(27,29,),(1,0,) (17,27,),(1,1,) 2
(5,15,),(0,1,) (5,14,),(0,1,) 2
(17,24,),(0,0,) (17,22,),(0,0,) 2
(17,24,),(0,0,) (14,17,),(1,0,) 2
(17,26,),(0,0,) (14,17,),(1,0,) 2
(4,6,),(0,0,) (4,12,),(0,0,) 2
(21,29,),(0,0,) (21,24,),(0,0,) 2
(1,25,),(1,0,) (1,20,),(1,0,) 1
(21,25,),(0,0,) (16,21,),(0,0,) 1
(7,25,),(1,1,) (9,25,),(1,1,) 2
(20,25,),(1,0,) (1,20,),(0,1,) 2
(0,29,),(0,1,) (27,29,),(0,1,) 2
(10,21,),(0,1,) (10,12,),(0,0,) 2
(1,23,),(1,1,) (10,23,),(0,1,) 2
(14,28,),(0,0,) (5,14,),(1,0,) 2
(26,27,),(0,1,) (11,27,),(0,1,) 2
(6,16,),(0,0,) (8,16,),(1,0,) 2
(10,23,),(1,1,) (1,23,),(0,1,) 2
