(1,24,),(0,0,) (11,24,),(0,0,) 2
(0,5,),(1,1,) (5,20,),(1,0,) 2
(22,29,),(1,1,) (12,22,),(1,1,) 2
(12,22,),(1,1,) (22,23,),(1,0,) 2
(5,12,),(1,1,) (5,15,),(1,0,) 3
(11,17,),(0,1,) (1,17,),(0,1,) 3
(11,17,),(0,1,) (14,17,),(1,1,) 3
(5,10,),(1,1,) (5,21,),(1,0,) 3
(5,10,),(1,1,) (2,5,),(1,1,) 3
(18,22,),(1,1,) (22,28,),(1,1,) 2
(5,24,),(1,0,) (5,18,),(1,0,) 3
(5,24,),(1,0,) (24,28,),(0,0,) 3
(14,24,),(1,0,) (14,22,),(1,1,) 3
(16,25,),(1,1,) (13,25,),(0,1,) 3
(1,25,),(0,1,) (11,25,),(0,1,) 2
(17,22,),(1,1,) (6,22,),(0,1,) 2
(24,29,),(0,1,) (12,24,),(1,0,) 3
(1,17,),(0,1,) (0,17,),(0,1,) 3
(1,6,),(0,0,) (6,11,),(0,0,) 3
(0,11,),(0,0,) (5,11,),(1,0,) 3
(11,25,),(0,1,) (14,25,),(1,1,) 3
(2,5,),(1,1,) (5,16,),(1,1,) 3
(20,22,),(0,1,) (13,22,),(1,1,) 3
(20,22,),(0,1,) (22,24,),(1,1,) 3
(18,24,),(1,0,) (24,28,),(0,1,) 2
(5,15,),(1,0,) (5,8,),(1,1,) 2
(5,25,),(1,1,) (5,16,),(1,0,) 3
(5,13,),(1,0,) (0,13,),(0,0,) 3
(11,29,),(0,1,) (2,11,),(1,0,) 3
(13,22,),(1,1,) (15,22,),(1,1,) 3
(13,22,),(1,1,) (7,22,),(0,1,) 3
(5,14,),(1,0,) (5,18,),(1,0,) 3
(17,24,),(1,0,) (24,25,),(0,1,) 3
(22,24,),(0,0,) (23,24,),(0,0,) 3
(10,22,),(1,1,) (8,10,),(0,1,) 3
(17,28,),(1,0,) (13,17,),(0,1,) 3
(5,11,),(1,0,) (5,29,),(1,0,) 3
(5,11,),(1,0,) (1,5,),(0,1,) 3
(2,22,),(1,1,) (0,22,),(1,1,) 3
(22,24,),(1,1,) (7,22,),(0,1,) 3
(22,24,),(1,1,) (22,26,),(1,1,) 3
(14,25,),(1,1,) (14,16,),(1,0,) 2
(9,14,),(0,1,) (8,14,),(0,1,) 3
(3,5,),(1,1,) (0,3,),(0,1,) 3
(5,16,),(1,1,) (5,25,),(1,0,) 3
(6,15,),(0,1,) (6,8,),(0,0,) 2
(1,5,),(1,1,) (5,11,),(1,1,) 3
(5,29,),(1,1,) (5,11,),(1,1,) 3
(21,24,),(1,0,) (7,21,),(1,1,) 3
(22,26,),(1,0,) (22,24,),(1,0,) 3
(16,22,),(0,1,) (16,18,),(0,0,) 3
(0,22,),(0,1,) (2,22,),(0,1,) 3
(6,25,),(0,0,) (6,16,),(0,1,) 3
(3,17,),(0,1,) (17,18,),(1,1,) 3
(13,17,),(0,1,) (17,18,),(1,0,) 3
(7,22,),(1,1,) (22,24,),(1,0,) 3
(7,22,),(1,1,) (13,22,),(0,1,) 3
(23,24,),(1,0,) (22,24,),(1,0,) 3
(24,25,),(0,0,) (17,24,),(0,0,) 3
(15,22,),(0,1,) (13,22,),(0,1,) 3
(5,18,),(1,1,) (5,14,),(1,1,) 3
(11,21,),(0,1,) (1,21,),(0,1,) 3
(5,8,),(1,0,) (5,15,),(1,1,) 2
(24,28,),(0,0,) (18,24,),(0,0,) 2
(1,4,),(0,1,) (4,11,),(1,0,) 2
(13,16,),(1,1,) (13,25,),(1,0,) 3
(24,28,),(0,1,) (5,24,),(0,0,) 3
(5,18,),(1,1,) (5,24,),(1,1,) 3
(8,21,),(0,1,) (15,21,),(1,1,) 3
(22,24,),(1,0,) (20,22,),(1,1,) 3
(5,16,),(1,0,) (2,5,),(0,1,) 3
(6,28,),(0,1,) (6,13,),(0,1,) 3
(17,18,),(1,1,) (13,17,),(1,1,) 3
(8,27,),(0,0,) (9,27,),(0,0,) 3
(17,18,),(1,0,) (3,17,),(1,1,) 3
(23,25,),(1,1,) (17,23,),(1,1,) 3
(12,24,),(0,0,) (24,29,),(0,0,) 3
(14,21,),(1,0,) (11,21,),(0,0,) 3
(14,19,),(1,0,) (11,19,),(0,0,) 3
(13,22,),(0,1,) (20,22,),(1,1,) 3
(8,11,),(0,0,) (8,14,),(0,1,) 3
(6,13,),(0,0,) (6,28,),(0,0,) 3
(11,12,),(0,1,) (3,12,),(1,1,) 3
(22,28,),(1,0,) (18,22,),(0,1,) 2
(4,8,),(0,0,) (4,9,),(0,0,) 3
(2,11,),(0,0,) (11,29,),(0,0,) 3
(8,14,),(1,1,) (9,14,),(1,1,) 3
(6,22,),(1,1,) (17,22,),(0,1,) 2
(2,5,),(0,1,) (5,10,),(1,0,) 3
(5,15,),(1,1,) (5,12,),(1,0,) 3
(5,21,),(1,1,) (5,10,),(1,0,) 3
(8,12,),(0,1,) (9,12,),(0,1,) 3
(8,28,),(0,0,) (9,28,),(0,0,) 3
(6,16,),(0,0,) (6,25,),(0,1,) 3
(13,17,),(1,1,) (17,28,),(1,1,) 3
(9,12,),(1,1,) (8,12,),(1,1,) 3
(15,21,),(0,1,) (8,21,),(1,1,) 3
(4,13,),(0,0,) (4,20,),(0,1,) 3
(5,20,),(1,1,) (0,5,),(0,1,) 2
(11,24,),(1,0,) (1,24,),(1,0,) 2
(14,16,),(1,1,) (14,25,),(1,0,) 2
(4,9,),(0,1,) (4,8,),(0,1,) 3
(22,23,),(1,1,) (12,22,),(0,1,) 2
(12,22,),(0,1,) (22,29,),(1,0,) 2
(6,8,),(0,1,) (6,15,),(0,0,) 2
(1,21,),(1,1,) (11,21,),(1,1,) 3
(7,21,),(0,1,) (21,24,),(1,1,) 3
(3,12,),(0,1,) (11,12,),(1,1,) 3
(14,28,),(1,0,) (11,28,),(0,0,) 3
(11,28,),(1,0,) (14,28,),(0,0,) 3
(8,14,),(0,0,) (8,11,),(0,1,) 3
(0,17,),(1,1,) (1,17,),(1,1,) 3
(4,20,),(0,0,) (4,13,),(0,1,) 3
(8,10,),(1,1,) (10,22,),(1,0,) 3
(5,11,),(0,0,) (0,11,),(1,0,) 3
(13,25,),(1,1,) (16,25,),(0,1,) 3
(13,25,),(1,1,) (13,16,),(1,0,) 3
(14,22,),(1,0,) (14,24,),(1,1,) 3
(6,11,),(0,1,) (1,6,),(1,0,) 3
(17,23,),(0,1,) (23,25,),(1,0,) 3
(14,17,),(0,1,) (11,17,),(1,1,) 3
(14,25,),(0,1,) (11,25,),(1,1,) 3
(1,17,),(1,1,) (11,17,),(1,1,) 3
(11,19,),(1,0,) (14,19,),(0,0,) 3
(9,28,),(1,0,) (8,28,),(1,0,) 3
(9,27,),(1,0,) (8,27,),(1,0,) 3
(0,3,),(1,1,) (3,5,),(1,0,) 3
(11,25,),(1,1,) (1,25,),(1,1,) 2
(4,11,),(1,1,) (1,4,),(1,1,) 2
(16,18,),(0,1,) (16,22,),(0,0,) 3
(0,13,),(1,0,) (5,13,),(0,0,) 3
(11,21,),(1,0,) (14,21,),(0,0,) 3
