(5,7,),(1,1,) (26,27,),(0,1,) 0
(5,7,),(1,1,) (2,27,),(1,1,) 0
(26,27,),(0,1,) (2,27,),(1,1,) 0
(2,16,),(1,0,) (11,26,),(0,0,) 0
(22,24,),(0,1,) (19,25,),(0,1,) 0
(0,18,),(1,0,) (9,22,),(1,0,) 0
(0,18,),(1,0,) (0,5,),(1,1,) 0
(9,22,),(1,0,) (0,5,),(1,1,) 0
(5,8,),(1,1,) (5,12,),(1,1,) 0
(7,20,),(1,1,) (6,23,),(1,1,) 0
(7,20,),(1,1,) (4,6,),(0,1,) 0
(6,23,),(1,1,) (4,6,),(0,1,) 0
(6,13,),(1,1,) (5,6,),(1,1,) 0
(6,13,),(1,1,) (4,5,),(1,1,) 0
(5,6,),(1,1,) (4,5,),(1,1,) 0
(6,22,),(1,0,) (11,21,),(0,0,) 0
(11,18,),(0,0,) (11,13,),(0,1,) 0
(11,18,),(0,0,) (5,11,),(1,0,) 0
(11,13,),(0,1,) (5,11,),(1,0,) 0
(11,15,),(0,0,) (6,19,),(1,0,) 0
(5,13,),(1,0,) (5,9,),(1,1,) 0
(9,21,),(1,1,) (9,23,),(1,1,) 0
(9,21,),(1,1,) (9,11,),(1,0,) 0
(9,23,),(1,1,) (9,11,),(1,0,) 0
(7,28,),(1,1,) (24,28,),(1,1,) 0
(1,23,),(0,1,) (11,24,),(0,1,) 0
(6,8,),(1,1,) (6,12,),(1,1,) 0
(22,28,),(0,1,) (21,28,),(0,1,) 0
(27,28,),(1,1,) (5,28,),(1,1,) 0
(27,28,),(1,1,) (15,28,),(0,1,) 0
(27,28,),(1,1,) (13,28,),(1,1,) 0
(5,28,),(1,1,) (15,28,),(0,1,) 0
(5,28,),(1,1,) (13,28,),(1,1,) 0
(15,28,),(0,1,) (13,28,),(1,1,) 0
(18,21,),(0,1,) (2,23,),(1,1,) 0
(18,21,),(0,1,) (5,23,),(1,1,) 0
(2,23,),(1,1,) (5,23,),(1,1,) 0
(2,22,),(1,0,) (21,22,),(1,0,) 0
(5,15,),(1,1,) (5,16,),(1,0,) 0
(10,22,),(1,0,) (7,22,),(1,0,) 0
(9,27,),(1,1,) (0,9,),(1,1,) 0
(2,9,),(1,1,) (9,26,),(1,0,) 0
(2,9,),(1,1,) (9,20,),(1,0,) 0
(9,26,),(1,0,) (9,20,),(1,0,) 0
(18,20,),(0,0,) (7,18,),(1,0,) 0
(18,20,),(0,0,) (19,26,),(1,0,) 0
(18,20,),(0,0,) (2,3,),(1,0,) 0
(7,18,),(1,0,) (19,26,),(1,0,) 0
(7,18,),(1,0,) (2,3,),(1,0,) 0
(19,26,),(1,0,) (2,3,),(1,0,) 0
(19,27,),(0,1,) (1,19,),(0,0,) 0
(19,27,),(0,1,) (11,27,),(0,1,) 0
(1,19,),(0,0,) (11,27,),(0,1,) 0
(0,22,),(0,0,) (22,25,),(0,0,) 0
(9,17,),(1,1,) (9,19,),(1,0,) 0
(5,26,),(1,0,) (5,29,),(1,1,) 0
(5,26,),(1,0,) (2,5,),(1,1,) 0
(5,29,),(1,1,) (2,5,),(1,1,) 0
(5,24,),(1,1,) (5,17,),(1,1,) 0
(5,18,),(1,1,) (5,10,),(1,1,) 0
(26,29,),(0,0,) (12,26,),(1,0,) 0
(2,12,),(1,1,) (2,29,),(1,0,) 0
(8,28,),(1,1,) (20,28,),(1,1,) 0
(11,25,),(0,1,) (11,19,),(0,1,) 0
(11,14,),(0,1,) (1,11,),(1,0,) 0
(11,14,),(0,1,) (12,15,),(0,1,) 0
(1,11,),(1,0,) (12,15,),(0,1,) 0
(15,24,),(1,1,) (12,24,),(1,1,) 0
(12,28,),(1,1,) (25,28,),(0,1,) 0
(2,7,),(0,1,) (7,16,),(1,0,) 0
(8,27,),(1,1,) (12,27,),(1,1,) 0
(20,26,),(1,0,) (15,26,),(1,0,) 0
(23,26,),(1,0,) (18,23,),(0,1,) 0
(0,11,),(1,0,) (6,17,),(1,1,) 0
(0,11,),(1,0,) (11,17,),(0,1,) 0
(0,11,),(1,0,) (0,6,),(1,1,) 0
(6,17,),(1,1,) (11,17,),(0,1,) 0
(6,17,),(1,1,) (0,6,),(1,1,) 0
(11,17,),(0,1,) (0,6,),(1,1,) 0
(7,27,),(1,1,) (15,23,),(0,1,) 0
(6,17,),(1,0,) (0,6,),(0,1,) 0
(0,7,),(0,1,) (3,7,),(0,1,) 0
(11,17,),(0,0,) (0,11,),(0,0,) 0
(1,11,),(0,0,) (11,14,),(0,0,) 0
(11,25,),(0,0,) (11,19,),(0,0,) 0
(5,18,),(1,0,) (5,10,),(1,0,) 0
(5,17,),(1,0,) (5,24,),(1,0,) 0
(2,5,),(0,1,) (5,26,),(1,1,) 0
(2,5,),(0,1,) (5,29,),(1,0,) 0
(5,26,),(1,1,) (5,29,),(1,0,) 0
(22,27,),(0,1,) (21,27,),(0,1,) 0
(14,19,),(1,0,) (3,26,),(1,0,) 0
(14,19,),(1,0,) (2,19,),(1,0,) 0
(3,26,),(1,0,) (2,19,),(1,0,) 0
(8,17,),(1,0,) (8,29,),(1,1,) 0
(12,28,),(0,1,) (25,28,),(1,1,) 0
(16,24,),(0,1,) (2,24,),(0,1,) 0
(8,28,),(0,1,) (20,28,),(0,1,) 0
(19,23,),(0,1,) (16,19,),(0,0,) 0
(5,21,),(1,1,) (13,21,),(1,1,) 0
(6,12,),(1,0,) (6,8,),(1,0,) 0
(2,24,),(1,1,) (16,24,),(1,1,) 0
(0,2,),(0,1,) (8,26,),(0,0,) 0
(20,26,),(0,0,) (15,26,),(0,0,) 0
(14,26,),(1,0,) (2,14,),(1,1,) 0
(26,29,),(0,1,) (12,26,),(0,0,) 0
(9,19,),(1,1,) (9,17,),(1,0,) 0
(5,6,),(0,1,) (6,13,),(1,0,) 0
(19,23,),(0,0,) (16,19,),(1,0,) 0
(5,16,),(1,1,) (5,15,),(1,0,) 0
(14,19,),(0,0,) (2,19,),(0,0,) 0
(19,24,),(0,0,) (24,25,),(0,0,) 0
(5,9,),(1,0,) (5,13,),(1,1,) 0
(4,10,),(0,1,) (10,24,),(1,1,) 0
(10,12,),(1,0,) (10,15,),(1,0,) 0
(4,5,),(0,1,) (5,6,),(1,0,) 0
(2,9,),(0,1,) (9,20,),(1,1,) 0
(2,9,),(0,1,) (9,26,),(1,1,) 0
(9,20,),(1,1,) (9,26,),(1,1,) 0
(10,12,),(1,1,) (10,15,),(1,1,) 0
(4,10,),(1,1,) (10,24,),(1,0,) 0
(3,7,),(1,1,) (0,7,),(1,1,) 0
(23,26,),(1,1,) (18,23,),(1,1,) 0
(13,28,),(0,1,) (5,28,),(0,1,) 0
(13,28,),(0,1,) (15,28,),(1,1,) 0
(13,28,),(0,1,) (27,28,),(0,1,) 0
(5,28,),(0,1,) (15,28,),(1,1,) 0
(5,28,),(0,1,) (27,28,),(0,1,) 0
(15,28,),(1,1,) (27,28,),(0,1,) 0
(21,28,),(1,1,) (22,28,),(1,1,) 0
(11,13,),(0,0,) (5,11,),(0,0,) 0
(11,13,),(0,0,) (11,18,),(0,1,) 0
(5,11,),(0,0,) (11,18,),(0,1,) 0
(24,28,),(0,1,) (7,28,),(0,1,) 0
(22,27,),(1,1,) (21,27,),(1,1,) 0
(8,29,),(1,0,) (8,17,),(1,1,) 0
(22,25,),(0,1,) (0,22,),(1,0,) 0
(4,6,),(1,1,) (6,23,),(1,0,) 0
(0,9,),(0,1,) (9,27,),(1,0,) 0
(9,23,),(1,0,) (9,21,),(1,0,) 0
(9,23,),(1,0,) (9,11,),(1,1,) 0
(9,21,),(1,0,) (9,11,),(1,1,) 0
(2,12,),(1,0,) (2,29,),(1,1,) 0
(12,24,),(0,1,) (15,24,),(0,1,) 0
(2,7,),(1,1,) (7,16,),(1,1,) 0
(5,12,),(1,0,) (5,8,),(1,0,) 0
(7,18,),(0,0,) (18,20,),(0,1,) 0
(10,22,),(0,0,) (7,22,),(0,0,) 0
(21,22,),(0,0,) (2,22,),(0,0,) 0
(8,27,),(0,1,) (12,27,),(0,1,) 0
(19,27,),(0,0,) (1,19,),(1,0,) 0
(0,6,),(1,0,) (0,11,),(1,1,) 0
(5,23,),(0,1,) (2,23,),(0,1,) 0
(14,26,),(1,1,) (2,14,),(0,1,) 0
(19,27,),(1,1,) (11,27,),(1,1,) 0
(13,21,),(0,1,) (5,21,),(0,1,) 0
(26,27,),(1,1,) (2,27,),(0,1,) 0
(11,17,),(1,1,) (6,17,),(0,1,) 0
(0,18,),(1,1,) (0,5,),(1,0,) 0
(19,24,),(1,0,) (24,25,),(0,1,) 0
